['pd', '450', '1']
Tue Jun 26 16:50:10 EDT 2018
..........   symbol       unadjustedcl sharevolume  change       changepercen high         open         low         
pd 450

0 2018/06/26 pd           4.370        1,905,009    0.12         2.8235       4.42         4.32         4.20         >Open    
1 2018/06/25 pd           4.250        1,963,514    -0.06        -1.3921      4.36         4.31         4.21         <Open    


4 2018/06/22 pd           4.310        2,886,685    0.25         6.1576       4.37         4.16         4.16         >Open    
5 2018/06/21 pd           4.060        1,500,905    -0.22        -5.1402      4.25         4.23         4.04         <Open    
6 2018/06/20 pd           4.280        1,360,387    0.10         2.3923       4.295        4.23         4.20         >Open    
7 2018/06/19 pd           4.180        969,032      -0.06        -1.4151      4.19         4.19         4.08         <Open    
8 2018/06/18 pd           4.240        1,083,497    0.06         1.4354       4.31         4.17         4.16         >Open    


11 2018/06/15 pd           4.180        2,058,459    -0.32        -7.1111      4.48         4.47         4.18         <Open    
12 2018/06/14 pd           4.500        1,190,943    -0.01        -0.221729    4.56         4.54         4.42         <Open    
13 2018/06/13 pd           4.510        1,813,102    0.16         3.6782       4.59         4.34         4.32         >Open    
14 2018/06/12 pd           4.350        1,422,731    0.07         1.6355       4.37         4.31         4.27         >Open    
15 2018/06/11 pd           4.280        1,374,019    -0.05        -1.1547      4.325        4.30         4.24         <Open    


18 2018/06/08 pd           4.330        2,210,095    -0.15        -3.3482      4.49         4.45         4.31         <Open    
19 2018/06/07 pd           4.480        1,300,945    0.17         3.9443       4.49         4.35         4.34         >Open    
20 2018/06/06 pd           4.310        880,499      0.04         0.936768     4.32         4.28         4.21         >Open    
21 2018/06/05 pd           4.270        1,083,564    0.04         0.945626     4.33         4.20         4.20         >Open    
22 2018/06/04 pd           4.230        1,655,881    -0.18        -4.0816      4.45         4.43         4.17         <Open    


25 2018/06/01 pd           4.410        1,515,544    -0.07        -1.5625      4.56         4.50         4.37         <Open    
26 2018/05/31 pd           4.480        2,311,759    -0.15        -3.2397      4.70         4.60         4.45         <Open    
27 2018/05/30 pd           4.630        1,629,151    0.07         1.5351       4.68         4.65         4.55         <Open    
28 2018/05/29 pd           4.560        1,668,798    0.07         1.559        4.60         4.51         4.50         >Open    
29 2018/05/28 pd           4.490        713,185      -0.12        -2.603       4.58         4.50         4.46         <Open    


32 2018/05/25 pd           4.610        1,972,588    -0.25        -5.144       4.74         4.67         4.53         <Open    
33 2018/05/24 pd           4.860        1,746,104    -0.03        -0.613497    4.94         4.76         4.71         >Open    
34 2018/05/23 pd           4.890        2,158,375    -0.16        -3.1683      5.17         4.98         4.80         <Open    
35 2018/05/22 pd           5.050        2,783,696    -0.18        -3.4417      5.27         5.27         5.04         <Open    



39 2018/05/18 pd           5.230        2,592,632    0.07         1.3566       5.33         5.25         5.21         <Open    
40 2018/05/17 pd           5.160        2,814,971    0.15         2.994        5.25         5.03         5.02         >Open    
41 2018/05/16 pd           5.010        4,157,600    -0.01        -0.199203    5.12         4.98         4.92         >Open    
42 2018/05/15 pd           5.020        2,495,528    0.22         4.5833       5.02         4.84         4.82         >Open DHigh  
43 2018/05/14 pd           4.800        3,504,192    0.13         2.7837       4.85         4.71         4.69         >Open    


46 2018/05/11 pd           4.670        1,894,974    -0.03        -0.638298    4.73         4.70         4.63         <Open    
47 2018/05/10 pd           4.700        2,271,932    0.05         1.0753       4.75         4.67         4.60         >Open    
48 2018/05/09 pd           4.650        3,304,971    0.06         1.3072       4.75         4.69         4.62         <Open    
49 2018/05/08 pd           4.590        2,235,767    0.06         1.3245       4.66         4.53         4.42         >Open    
50 2018/05/07 pd           4.530        2,790,470    0.04         0.890869     4.75         4.58         4.53         <Open    


53 2018/05/04 pd           4.490        2,323,222    0.05         1.1261       4.55         4.44         4.39         >Open    
54 2018/05/03 pd           4.440        2,205,572    -0.13        -2.8446      4.54         4.54         4.38         <Open    
55 2018/05/02 pd           4.570        2,316,291    0.20         4.5767       4.605        4.34         4.34         >Open    
56 2018/05/01 pd           4.370        3,366,284    -0.21        -4.5852      4.58         4.54         4.35         <Open    
57 2018/04/30 pd           4.580        2,665,114    0.12         2.6906       4.65         4.45         4.42         >Open    


60 2018/04/27 pd           4.460        3,571,729    0.07         1.5945       4.57         4.36         4.32         >Open    
61 2018/04/26 pd           4.390        3,740,788    0.22         5.2758       4.45         4.26         4.20         >Open    
62 2018/04/25 pd           4.170        2,296,189    0.12         2.963        4.20         4.06         3.98         >Open    
63 2018/04/24 pd           4.050        2,367,935    -0.09        -2.1739      4.21         4.14         3.96         <Open    
64 2018/04/23 pd           4.140        3,187,562    0.04         0.97561      4.24         4.07         4.01         >Open    


67 2018/04/20 pd           4.100        1,489,352    -0.05        -1.2048      4.15         4.10         4.04         >Open    
68 2018/04/19 pd           4.150        2,752,315    0.00         0.00         4.30         4.17         4.08         <Open    
69 2018/04/18 pd           4.150        2,228,759    0.24         6.1381       4.19         4.00         3.97         >Open    
70 2018/04/17 pd           3.910        689,687      0.12         3.1662       3.93         3.81         3.77         >Open    
71 2018/04/16 pd           3.790        1,218,011    -0.10        -2.5707      3.95         3.89         3.78         <Open    


74 2018/04/13 pd           3.890        2,399,568    -0.03        -0.765306    4.04         3.93         3.88         <Open    
75 2018/04/12 pd           3.920        2,245,878    0.05         1.292        3.995        3.87         3.79         >Open    
76 2018/04/11 pd           3.870        3,272,318    0.13         3.4759       3.94         3.76         3.74         >Open    
77 2018/04/10 pd           3.740        3,273,161    0.25         7.1633       3.81         3.56         3.55         >Open    
78 2018/04/09 pd           3.490        2,135,328    -0.06        -1.6901      3.72         3.58         3.49         <Open    


81 2018/04/06 pd           3.550        2,300,170    -0.05        -1.3889      3.66         3.56         3.50         <Open    
82 2018/04/05 pd           3.600        2,100,126    0.15         4.3478       3.72         3.48         3.46         >Open    
83 2018/04/04 pd           3.450        1,237,270    -0.04        -1.1461      3.51         3.37         3.37         >Open    
84 2018/04/03 pd           3.490        727,537      0.07         2.0468       3.49         3.43         3.36         >Open DHigh  
85 2018/04/02 pd           3.420        1,311,076    -0.16        -4.4693      3.58         3.54         3.38         <Open    



89 2018/03/29 pd           3.580        1,286,868    0.13         3.7681       3.61         3.47         3.45         >Open    
90 2018/03/28 pd           3.450        1,573,086    -0.12        -3.3613      3.56         3.55         3.43         <Open    
91 2018/03/27 pd           3.570        1,394,888    -0.11        -2.9891      3.70         3.70         3.54         <Open    
92 2018/03/26 pd           3.680        2,316,980    -0.01        -0.271003    3.73         3.73         3.57         <Open    


95 2018/03/23 pd           3.690        1,565,783    -0.01        -0.27027     3.83         3.75         3.66         <Open    
96 2018/03/22 pd           3.700        2,398,553    -0.16        -4.1451      3.83         3.78         3.70         <Open    
97 2018/03/21 pd           3.860        3,414,587    0.33         9.3484       3.90         3.55         3.55         >Open    
98 2018/03/20 pd           3.530        1,259,824    -0.02        -0.56338     3.62         3.60         3.46         <Open    
99 2018/03/19 pd           3.550        1,358,072    -0.15        -4.0541      3.70         3.68         3.525        <Open    


102 2018/03/16 pd           3.700        2,486,257    0.04         1.0929       3.73         3.66         3.59         >Open    
103 2018/03/15 pd           3.660        1,046,262    -0.06        -1.6129      3.77         3.77         3.64         <Open    
104 2018/03/14 pd           3.720        1,161,521    -0.03        -0.80        3.81         3.80         3.68         <Open    
105 2018/03/13 pd           3.750        1,174,243    -0.01        -0.265957    3.83         3.72         3.70         >Open    
106 2018/03/12 pd           3.760        1,207,366    0.08         2.1739       3.77         3.67         3.63         >Open    


109 2018/03/09 pd           3.680        2,001,218    0.00         0.00         3.77         3.74         3.67         <Open    
110 2018/03/08 pd           3.680        2,497,122    -0.15        -3.9164      3.84         3.83         3.64         <Open    
111 2018/03/07 pd           3.830        2,080,525    -0.14        -3.5264      4.02         3.92         3.80         <Open    
112 2018/03/06 pd           3.970        2,063,515    -0.20        -4.7962      4.27         4.25         3.95         <Open    
113 2018/03/05 pd           4.170        1,713,678    0.21         5.303        4.21         3.95         3.95         >Open    


116 2018/03/02 pd           3.960        2,018,729    0.02         0.507614     3.96         3.89         3.77         >Open DHigh  
117 2018/03/01 pd           3.940        2,998,111    -0.10        -2.4752      4.05         4.01         3.885        <Open    
118 2018/02/28 pd           4.040        3,005,663    -0.26        -6.0465      4.35         4.33         4.00         <Open    
119 2018/02/27 pd           4.300        2,338,634    -0.08        -1.8265      4.57         4.38         4.29         <Open    
120 2018/02/26 pd           4.380        2,256,911    0.02         0.458716     4.44         4.37         4.29         >Open    


123 2018/02/23 pd           4.360        1,989,118    0.04         0.925926     4.44         4.29         4.29         >Open    
124 2018/02/22 pd           4.320        2,068,469    0.00         0.00         4.45         4.34         4.30         <Open    
125 2018/02/21 pd           4.320        2,702,985    -0.12        -2.7027      4.46         4.43         4.26         <Open    
126 2018/02/20 pd           4.440        3,579,886    0.14         3.2558       4.49         4.35         4.23         >Open    



130 2018/02/16 pd           4.300        3,116,817    0.08         1.8957       4.365        4.17         4.17         >Open    
131 2018/02/15 pd           4.220        4,139,037    -0.06        -1.4019      4.33         4.22         4.02         >Open    
132 2018/02/14 pd           4.280        3,688,348    0.17         4.1363       4.33         4.00         3.93         >Open    
133 2018/02/13 pd           4.110        2,595,329    -0.07        -1.6746      4.15         4.15         3.96         <Open    
134 2018/02/12 pd           4.180        2,709,161    0.06         1.4563       4.29         4.28         4.09         <Open    


137 2018/02/09 pd           4.120        6,350,703    -0.17        -3.9627      4.39         4.30         3.92         <Open    
138 2018/02/08 pd           4.290        3,848,825    -0.09        -2.0548      4.53         4.36         4.28         <Open    
139 2018/02/07 pd           4.380        3,924,797    -0.11        -2.4499      4.70         4.52         4.26         <Open    
140 2018/02/06 pd           4.490        4,249,943    0.21         4.9065       4.53         4.17         4.16         >Open    
141 2018/02/05 pd           4.280        5,506,848    -0.16        -3.6036      4.49         4.30         4.19         <Open    


144 2018/02/02 pd           4.440        3,757,812    -0.08        -1.7699      4.60         4.40         4.36         >Open    
145 2018/02/01 pd           4.520        3,623,610    0.06         1.3453       4.70         4.50         4.47         >Open    
146 2018/01/31 pd           4.460        3,572,500    -0.01        -0.223714    4.54         4.47         4.34         <Open    
147 2018/01/30 pd           4.470        3,633,036    -0.18        -3.871       4.575        4.57         4.40         <Open    
148 2018/01/29 pd           4.650        3,038,235    -0.08        -1.6913      4.75         4.68         4.53         <Open    


151 2018/01/26 pd           4.730        4,047,664    0.09         1.9397       4.84         4.67         4.58         >Open    
152 2018/01/25 pd           4.640        3,476,091    -0.03        -0.642398    4.78         4.71         4.63         <Open    
153 2018/01/24 pd           4.670        4,194,095    -0.07        -1.4768      4.79         4.79         4.56         <Open    
154 2018/01/23 pd           4.740        4,888,887    0.02         0.423729     4.84         4.76         4.63         <Open    
155 2018/01/22 pd           4.720        4,021,894    0.03         0.639659     4.82         4.74         4.62         <Open    


158 2018/01/19 pd           4.690        4,448,777    0.20         4.4543       4.71         4.42         4.37         >Open    
159 2018/01/18 pd           4.490        2,170,279    0.04         0.898876     4.55         4.45         4.37         >Open    
160 2018/01/17 pd           4.450        1,988,454    0.04         0.90703      4.55         4.42         4.34         >Open    
161 2018/01/16 pd           4.410        3,861,516    -0.26        -5.5675      4.695        4.66         4.40         <Open    
162 2018/01/15 pd           4.670        2,249,665    0.04         0.863931     4.84         4.84         4.62         <Open    


165 2018/01/12 pd           4.630        5,356,707    0.14         3.118        4.78         4.52         4.52         >Open    
166 2018/01/11 pd           4.490        6,076,279    0.29         6.9048       4.66         4.24         4.20         >Open    
167 2018/01/10 pd           4.200        2,805,014    0.02         0.478469     4.29         4.24         4.17         <Open    
168 2018/01/09 pd           4.180        2,737,772    0.04         0.966184     4.25         4.17         4.08         >Open    
169 2018/01/08 pd           4.140        3,026,196    0.10         2.4752       4.14         4.10         3.96         >Open DHigh  


172 2018/01/05 pd           4.040        2,631,055    -0.10        -2.4155      4.16         4.10         3.98         <Open    
173 2018/01/04 pd           4.140        2,995,534    0.02         0.485437     4.195        4.13         4.03         >Open    
174 2018/01/03 pd           4.120        2,637,017    0.08         1.9802       4.20         4.10         4.08         >Open    
175 2018/01/02 pd           4.040        3,702,950    0.23         6.0367       4.06         3.85         3.82         >Open    



179 2017/12/29 pd           3.810        1,804,157    -0.02        -0.522193    3.87         3.84         3.75         <Open    
180 2017/12/28 pd           3.830        1,566,453    0.09         2.4064       3.85         3.74         3.74         >Open    
181 2017/12/27 pd           3.740        2,307,837    0.17         4.7619       3.81         3.62         3.62         >Open    




186 2017/12/22 pd           3.570        1,600,923    -0.10        -2.7248      3.67         3.66         3.55         <Open    
187 2017/12/21 pd           3.670        3,455,458    0.24         6.9971       3.69         3.41         3.38         >Open    
188 2017/12/20 pd           3.430        3,432,933    0.20         6.192        3.47         3.24         3.23         >Open    
189 2017/12/19 pd           3.230        4,983,308    -0.07        -2.1212      3.34         3.34         3.21         <Open    
190 2017/12/18 pd           3.300        1,611,974    0.05         1.5385       3.40         3.26         3.26         >Open    


193 2017/12/15 pd           3.250        1,640,352    -0.02        -0.611621    3.32         3.29         3.24         <Open    
194 2017/12/14 pd           3.270        3,545,319    -0.12        -3.5398      3.36         3.33         3.25         <Open    
195 2017/12/13 pd           3.390        1,565,430    -0.10        -2.8653      3.52         3.51         3.37         <Open    
196 2017/12/12 pd           3.490        2,861,642    -0.08        -2.2409      3.68         3.59         3.49         <Open    
197 2017/12/11 pd           3.570        1,918,995    0.12         3.4783       3.595        3.47         3.47         >Open    


200 2017/12/08 pd           3.450        1,015,897    0.03         0.877193     3.49         3.48         3.42         <Open    
201 2017/12/07 pd           3.420        6,128,998    0.05         1.4837       3.49         3.42         3.39         >Open    
202 2017/12/06 pd           3.370        3,836,862    -0.19        -5.3371      3.59         3.55         3.35         <Open    
203 2017/12/05 pd           3.560        2,366,420    -0.10        -2.7322      3.68         3.65         3.55         <Open    
204 2017/12/04 pd           3.660        3,698,950    -0.12        -3.1746      3.84         3.74         3.65         <Open    


207 2017/12/01 pd           3.780        5,045,453    0.16         4.4199       3.80         3.60         3.59         >Open    
208 2017/11/30 pd           3.620        4,171,267    0.18         5.2326       3.63         3.50         3.47         >Open    
209 2017/11/29 pd           3.440        9,635,711    0.27         8.5174       3.465        3.19         3.16         >Open    
210 2017/11/28 pd           3.170        6,001,590    -0.02        -0.626959    3.27         3.21         3.13         <Open    
211 2017/11/27 pd           3.190        3,373,490    -0.25        -7.2674      3.43         3.40         3.175        <Open    


214 2017/11/24 pd           3.440        2,031,093    -0.01        -0.289855    3.51         3.50         3.37         <Open    
215 2017/11/23 pd           3.450        1,131,883    0.12         3.6036       3.47         3.35         3.34         >Open    
216 2017/11/22 pd           3.330        2,244,352    0.03         0.909091     3.43         3.41         3.32         <Open    
217 2017/11/21 pd           3.300        2,587,910    -0.09        -2.6549      3.46         3.39         3.285        <Open    
218 2017/11/20 pd           3.390        1,242,161    -0.08        -2.3055      3.46         3.45         3.35         <Open    


221 2017/11/17 pd           3.470        1,287,421    0.04         1.1662       3.54         3.50         3.42         <Open    
222 2017/11/16 pd           3.430        1,622,236    -0.08        -2.2792      3.58         3.51         3.40         <Open    
223 2017/11/15 pd           3.510        2,491,391    -0.04        -1.1268      3.55         3.49         3.38         >Open    
224 2017/11/14 pd           3.550        2,682,229    -0.32        -8.2687      3.85         3.81         3.54         <Open    
225 2017/11/13 pd           3.870        1,678,851    -0.13        -3.25        4.05         4.02         3.87         <Open    


228 2017/11/10 pd           4.000        2,255,668    0.03         0.755668     4.05         3.97         3.97         >Open    
229 2017/11/09 pd           3.970        2,479,647    -0.04        -0.997506    4.11         4.00         3.95         <Open    
230 2017/11/08 pd           4.010        3,864,069    0.16         4.1558       4.04         3.82         3.75         >Open    
231 2017/11/07 pd           3.850        2,903,874    -0.13        -3.2663      4.06         4.03         3.83         <Open    
232 2017/11/06 pd           3.980        3,933,075    0.10         2.5773       4.02         3.94         3.89         >Open    


235 2017/11/03 pd           3.880        3,646,208    0.11         2.9178       3.935        3.78         3.72         >Open    
236 2017/11/02 pd           3.770        2,380,136    -0.13        -3.3333      3.96         3.92         3.74         <Open    
237 2017/11/01 pd           3.900        4,502,197    0.03         0.775194     4.10         3.94         3.81         <Open    
238 2017/10/31 pd           3.870        3,447,717    0.16         4.3127       3.88         3.68         3.63         >Open    
239 2017/10/30 pd           3.710        5,664,108    0.45         13.8037      3.74         3.36         3.35         >Open    


242 2017/10/27 pd           3.260        6,410,393    0.29         9.7643       3.285        3.02         2.97         >Open    
243 2017/10/26 pd           2.970        1,617,893    0.00         0.00         3.02         2.98         2.90         <Open    
244 2017/10/25 pd           2.970        2,057,620    -0.05        -1.6556      3.02         3.02         2.89         <Open    
245 2017/10/24 pd           3.020        762,887      0.00         0.00         3.07         3.07         3.01         <Open    
246 2017/10/23 pd           3.020        2,427,150    -0.07        -2.2654      3.14         3.11         2.99         <Open    


249 2017/10/20 pd           3.090        1,276,499    -0.02        -0.643087    3.175        3.13         3.08         <Open    
250 2017/10/19 pd           3.110        1,226,542    -0.05        -1.5823      3.15         3.10         3.08         >Open    
251 2017/10/18 pd           3.160        1,784,426    -0.13        -3.9514      3.31         3.30         3.15         <Open    
252 2017/10/17 pd           3.290        827,277      0.02         0.611621     3.29         3.27         3.24         >Open DHigh  
253 2017/10/16 pd           3.270        1,204,347    0.04         1.2384       3.32         3.29         3.255        <Open    


256 2017/10/13 pd           3.230        845,920      0.06         1.8927       3.28         3.21         3.21         >Open    
257 2017/10/12 pd           3.170        1,722,880    -0.06        -1.8576      3.22         3.19         3.12         <Open    
258 2017/10/11 pd           3.230        1,552,211    -0.12        -3.5821      3.35         3.35         3.22         <Open    
259 2017/10/10 pd           3.350        2,353,738    -0.11        -3.1792      3.54         3.50         3.33         <Open    



263 2017/10/06 pd           3.460        2,419,151    -0.11        -3.0812      3.48         3.46         3.32         >Open    
264 2017/10/05 pd           3.570        2,230,519    0.07         2.00         3.63         3.50         3.50         >Open    
265 2017/10/04 pd           3.500        2,393,476    -0.14        -3.8462      3.67         3.65         3.48         <Open    
266 2017/10/03 pd           3.640        1,612,899    0.01         0.275482     3.695        3.62         3.615        >Open    
267 2017/10/02 pd           3.630        4,396,103    -0.25        -6.4433      3.81         3.80         3.61         <Open    


270 2017/09/29 pd           3.880        1,658,227    -0.11        -2.7569      3.99         3.98         3.86         <Open    
271 2017/09/28 pd           3.990        1,205,518    0.05         1.269        4.01         3.98         3.92         >Open    
272 2017/09/27 pd           3.940        1,792,585    0.05         1.2853       4.00         3.95         3.84         <Open    
273 2017/09/26 pd           3.890        2,106,904    0.08         2.0997       3.92         3.81         3.76         >Open    
274 2017/09/25 pd           3.810        4,231,419    0.01         0.263158     3.99         3.90         3.81         <Open    


277 2017/09/22 pd           3.800        2,960,017    0.10         2.7027       3.82         3.71         3.69         >Open    
278 2017/09/21 pd           3.700        1,918,107    0.04         1.0929       3.72         3.64         3.61         >Open    
279 2017/09/20 pd           3.660        6,288,916    0.19         5.4755       3.69         3.51         3.49         >Open    
280 2017/09/19 pd           3.470        3,937,147    -0.06        -1.6997      3.65         3.57         3.43         <Open    
281 2017/09/18 pd           3.530        3,545,221    0.03         0.857143     3.62         3.62         3.48         <Open    


284 2017/09/15 pd           3.500        2,441,220    0.01         0.286533     3.53         3.51         3.46         <Open    
285 2017/09/14 pd           3.490        5,491,473    0.02         0.576369     3.66         3.52         3.45         <Open    
286 2017/09/13 pd           3.470        5,665,123    0.12         3.5821       3.52         3.41         3.40         >Open    
287 2017/09/12 pd           3.350        3,735,129    0.03         0.903614     3.47         3.27         3.27         >Open    
288 2017/09/11 pd           3.320        1,611,791    0.13         4.0752       3.37         3.24         3.21         >Open    


291 2017/09/08 pd           3.190        2,136,208    -0.15        -4.491       3.36         3.35         3.165        <Open    
292 2017/09/07 pd           3.340        4,756,807    -0.13        -3.7464      3.44         3.36         3.32         <Open    
293 2017/09/06 pd           3.470        5,989,621    0.26         8.0997       3.49         3.25         3.225        >Open    
294 2017/09/05 pd           3.210        2,729,432    0.05         1.5823       3.29         3.23         3.19         <Open    



298 2017/09/01 pd           3.160        1,163,613    -0.01        -0.315457    3.21         3.18         3.105        <Open    
299 2017/08/31 pd           3.170        3,433,922    0.15         4.9669       3.20         3.05         3.04         >Open    
300 2017/08/30 pd           3.020        3,218,677    -0.09        -2.8939      3.15         3.15         3.01         <Open    
301 2017/08/29 pd           3.110        1,351,481    -0.03        -0.955414    3.15         3.12         3.06         <Open    
302 2017/08/28 pd           3.140        991,089      -0.07        -2.1807      3.23         3.20         3.08         <Open    


305 2017/08/25 pd           3.210        1,331,501    0.00         0.00         3.26         3.23         3.195        <Open    
306 2017/08/24 pd           3.210        1,165,842    -0.13        -3.8922      3.32         3.31         3.19         <Open    
307 2017/08/23 pd           3.340        728,701      0.08         2.454        3.36         3.26         3.22         >Open    
308 2017/08/22 pd           3.260        921,347      0.02         0.617284     3.31         3.23         3.22         >Open    
309 2017/08/21 pd           3.240        1,084,878    -0.14        -4.142       3.39         3.39         3.22         <Open    


312 2017/08/18 pd           3.380        1,010,432    0.07         2.1148       3.45         3.31         3.28         >Open    
313 2017/08/17 pd           3.310        1,278,883    -0.06        -1.7804      3.42         3.37         3.30         <Open    
314 2017/08/16 pd           3.370        1,921,672    -0.16        -4.5326      3.56         3.56         3.32         <Open    
315 2017/08/15 pd           3.530        1,563,255    -0.21        -5.615       3.73         3.71         3.52         <Open    
316 2017/08/14 pd           3.740        931,349      -0.01        -0.266667    3.79         3.76         3.70         <Open    


319 2017/08/11 pd           3.750        2,726,963    0.00         0.00         3.90         3.75         3.70         >Open    
320 2017/08/10 pd           3.750        1,211,137    -0.01        -0.265957    3.845        3.79         3.73         <Open    
321 2017/08/09 pd           3.760        1,011,445    0.04         1.0753       3.77         3.75         3.71         >Open    
322 2017/08/08 pd           3.720        997,663      -0.13        -3.3766      3.81         3.81         3.69         <Open    



326 2017/08/04 pd           3.850        1,326,774    0.19         5.1913       3.86         3.69         3.63         >Open    
327 2017/08/03 pd           3.660        1,606,991    -0.02        -0.543478    3.745        3.73         3.63         <Open    
328 2017/08/02 pd           3.680        1,090,829    -0.03        -0.808625    3.72         3.71         3.59         <Open    
329 2017/08/01 pd           3.710        1,621,228    0.09         2.4862       3.73         3.69         3.57         >Open    
330 2017/07/31 pd           3.620        2,029,572    -0.15        -3.9788      3.915        3.90         3.58         <Open    


333 2017/07/28 pd           3.770        890,013      -0.08        -2.0779      3.92         3.87         3.73         <Open    
334 2017/07/27 pd           3.850        1,614,595    0.04         1.0499       3.90         3.83         3.75         >Open    
335 2017/07/26 pd           3.810        2,305,693    -0.09        -2.3077      3.98         3.98         3.77         <Open    
336 2017/07/25 pd           3.900        1,098,163    0.16         4.2781       3.97         3.97         3.83         <Open    
337 2017/07/24 pd           3.740        975,565      -0.08        -2.0942      3.875        3.86         3.70         <Open    


340 2017/07/21 pd           3.820        820,832      -0.18        -4.50        3.98         3.98         3.82         <Open    
341 2017/07/20 pd           4.000        1,558,052    -0.17        -4.0767      4.19         4.12         3.94         <Open    
342 2017/07/19 pd           4.170        3,020,212    0.47         12.7027      4.18         3.69         3.69         >Open    
343 2017/07/18 pd           3.700        823,754      -0.02        -0.537634    3.78         3.78         3.66         <Open    
344 2017/07/17 pd           3.720        917,463      -0.03        -0.80        3.815        3.78         3.68         <Open    


347 2017/07/14 pd           3.750        2,110,349    -0.15        -3.8462      3.96         3.92         3.74         <Open    
348 2017/07/13 pd           3.900        2,366,325    0.02         0.515464     3.93         3.88         3.81         >Open    
349 2017/07/12 pd           3.880        2,267,607    0.02         0.518135     3.98         3.94         3.80         <Open    
350 2017/07/11 pd           3.860        3,286,845    -0.16        -3.9801      4.02         4.02         3.81         <Open    
351 2017/07/10 pd           4.020        846,996      0.05         1.2594       4.03         3.97         3.90         >Open    


354 2017/07/07 pd           3.970        2,285,811    -0.10        -2.457       4.00         4.00         3.765        <Open    
355 2017/07/06 pd           4.070        3,245,418    0.00         0.00         4.235        4.22         3.96         <Open    
356 2017/07/05 pd           4.070        1,729,333    -0.32        -7.2893      4.41         4.35         4.06         <Open    
357 2017/07/04 pd           4.390        432,064      -0.04        -0.902935    4.57         4.57         4.38         <Open    



361 2017/06/30 pd           4.430        2,753,366    0.22         5.2257       4.43         4.28         4.15         >Open DHigh  
362 2017/06/29 pd           4.210        1,806,105    -0.17        -3.8813      4.42         4.28         4.20         <Open    
363 2017/06/28 pd           4.380        1,261,318    -0.01        -0.22779     4.49         4.42         4.37         <Open    
364 2017/06/27 pd           4.390        1,211,897    -0.03        -0.678733    4.52         4.45         4.37         <Open    
365 2017/06/26 pd           4.420        851,767      -0.01        -0.225734    4.52         4.47         4.375        <Open    


368 2017/06/23 pd           4.430        867,406      0.08         1.8391       4.44         4.37         4.32         >Open    
369 2017/06/22 pd           4.350        1,654,386    0.10         2.3529       4.43         4.29         4.22         >Open    
370 2017/06/21 pd           4.250        3,853,371    -0.13        -2.968       4.33         4.29         4.08         <Open    
371 2017/06/20 pd           4.380        2,101,122    -0.07        -1.573       4.49         4.40         4.19         <Open    
372 2017/06/19 pd           4.450        1,004,012    0.01         0.225225     4.53         4.49         4.43         <Open    


375 2017/06/16 pd           4.440        939,721      -0.02        -0.448431    4.53         4.50         4.41         <Open    
376 2017/06/15 pd           4.460        1,060,488    -0.10        -2.193       4.63         4.53         4.44         <Open    
377 2017/06/14 pd           4.560        1,599,894    -0.30        -6.1728      4.82         4.82         4.53         <Open    
378 2017/06/13 pd           4.860        1,414,048    0.05         1.0395       4.91         4.81         4.74         >Open    
379 2017/06/12 pd           4.810        1,744,874    0.07         1.4768       4.93         4.82         4.78         <Open    


382 2017/06/09 pd           4.740        2,173,802    0.22         4.8673       4.81         4.55         4.48         >Open    
383 2017/06/08 pd           4.520        1,377,753    0.07         1.573        4.605        4.45         4.42         >Open    
384 2017/06/07 pd           4.450        3,583,339    -0.34        -7.0981      4.79         4.75         4.44         <Open    
385 2017/06/06 pd           4.790        1,814,172    0.00         0.00         4.80         4.76         4.64         >Open    
386 2017/06/05 pd           4.790        782,783      0.01         0.209205     4.82         4.76         4.70         >Open    


389 2017/06/02 pd           4.780        1,008,113    -0.20        -4.0161      4.94         4.94         4.725        <Open    
390 2017/06/01 pd           4.980        2,234,779    0.08         1.6327       5.14         4.93         4.83         >Open    
391 2017/05/31 pd           4.900        2,377,037    0.01         0.204499     4.92         4.81         4.65         >Open    
392 2017/05/30 pd           4.890        2,341,083    -0.15        -2.9762      5.03         5.02         4.82         <Open    
393 2017/05/29 pd           5.040        311,055      -0.04        -0.787402    5.10         5.09         5.03         <Open    


396 2017/05/26 pd           5.080        1,067,836    0.04         0.793651     5.155        5.08         5.02         >Open    
397 2017/05/25 pd           5.040        3,032,749    -0.27        -5.0847      5.37         5.28         5.03         <Open    
398 2017/05/24 pd           5.310        1,598,676    0.00         0.00         5.36         5.28         5.21         >Open    
399 2017/05/23 pd           5.310        2,354,551    0.01         0.188679     5.38         5.25         5.17         >Open    



403 2017/05/19 pd           5.300        1,682,939    0.25         4.9505       5.38         5.11         5.10         >Open    
404 2017/05/18 pd           5.050        1,178,877    -0.04        -0.785855    5.11         5.04         4.91         >Open    
405 2017/05/17 pd           5.090        1,740,586    -0.14        -2.6769      5.23         5.16         5.00         <Open    
406 2017/05/16 pd           5.230        1,467,259    -0.10        -1.8762      5.42         5.37         5.17         <Open    
407 2017/05/15 pd           5.330        2,313,642    0.27         5.336        5.46         5.27         5.20         >Open    


410 2017/05/12 pd           5.060        964,867      -0.14        -2.6923      5.22         5.19         5.05         <Open    
411 2017/05/11 pd           5.200        2,342,116    -0.03        -0.573614    5.32         5.30         5.18         <Open    
412 2017/05/10 pd           5.230        2,443,727    0.19         3.7698       5.355        5.05         5.05         >Open    
413 2017/05/09 pd           5.040        1,866,399    -0.15        -2.8902      5.18         5.16         5.02         <Open    
414 2017/05/08 pd           5.190        1,377,441    0.01         0.19305      5.25         5.18         5.065        >Open    


417 2017/05/05 pd           5.180        2,070,700    0.25         5.071        5.20         4.96         4.95         >Open    
418 2017/05/04 pd           4.930        1,831,737    -0.23        -4.4574      5.08         5.07         4.86         <Open    
419 2017/05/03 pd           5.160        1,373,368    -0.03        -0.578035    5.255        5.17         5.08         <Open    
420 2017/05/02 pd           5.190        2,013,355    -0.03        -0.574713    5.36         5.25         5.16         <Open    
421 2017/05/01 pd           5.220        1,171,359    -0.21        -3.8674      5.41         5.41         5.20         <Open    


424 2017/04/28 pd           5.430        1,027,145    -0.10        -1.8083      5.61         5.58         5.38         <Open    
425 2017/04/27 pd           5.530        1,449,408    -0.08        -1.426       5.57         5.57         5.30         <Open    
426 2017/04/26 pd           5.610        1,789,145    0.07         1.2635       5.82         5.68         5.59         <Open    
427 2017/04/25 pd           5.540        1,903,472    -0.10        -1.773       5.71         5.68         5.53         <Open    
428 2017/04/24 pd           5.640        2,686,512    -0.19        -3.259       5.92         5.86         5.57         <Open    


431 2017/04/21 pd           5.830        1,890,387    0.01         0.171821     5.89         5.81         5.72         >Open    
432 2017/04/20 pd           5.820        3,057,911    -0.15        -2.5126      6.035        6.03         5.82         <Open    
433 2017/04/19 pd           5.970        2,642,224    -0.13        -2.1311      6.20         6.14         5.95         <Open    
434 2017/04/18 pd           6.100        1,821,184    -0.07        -1.1345      6.26         6.15         6.07         <Open    
435 2017/04/17 pd           6.170        823,388      -0.08        -1.28        6.275        6.27         6.13         <Open    



439 2017/04/13 pd           6.250        1,393,559    -0.25        -3.8462      6.56         6.52         6.23         <Open    
440 2017/04/12 pd           6.500        1,870,133    -0.16        -2.4024      6.75         6.65         6.485        <Open    
441 2017/04/11 pd           6.660        2,270,410    0.08         1.2158       6.76         6.66         6.59         >Open    
442 2017/04/10 pd           6.580        2,620,729    0.19         2.9734       6.62         6.53         6.45         >Open    


445 2017/04/07 pd           6.390        2,766,780    -0.12        -1.8433      6.55         6.53         6.37         <Open    
446 2017/04/06 pd           6.510        876,969      0.17         2.6814       6.555        6.43         6.40         >Open    
447 2017/04/05 pd           6.340        2,430,636    0.01         0.157978     6.57         6.41         6.33         <Open    
448 2017/04/04 pd           6.330        824,964      0.14         2.2617       6.33         6.22         6.13         >Open DHigh  
449 2017/04/03 pd           6.190        1,316,991    -0.10        -1.5898      6.31         6.27         6.11         <Open    
