['pyr', '450', '1']
Tue Jun 26 16:37:53 EDT 2018
..........   symbol       unadjustedcl sharevolume  change       changepercen high         open         low         
pyr 450

0 2018/06/26 pyr          0.520        13,923       0.00         0.00         0.52         0.51         0.51         >Open DHigh  
1 2018/06/25 pyr          0.520        62,100       0.02         4.00         0.52         0.50         0.495        >Open DHigh  


4 2018/06/22 pyr          0.500        30,790       -0.02        -3.8462      0.51         0.51         0.50         <Open    
5 2018/06/21 pyr          0.520        36,500       0.00         0.00         0.54         0.53         0.52         <Open    
6 2018/06/20 pyr          0.520        37,400       0.02         4.00         0.52         0.51         0.50         >Open DHigh  
7 2018/06/19 pyr          0.500        138,770      -0.04        -7.4074      0.53         0.52         0.50         <Open    
8 2018/06/18 pyr          0.540        50,550       0.01         1.8868       0.55         0.55         0.51         <Open    


11 2018/06/15 pyr          0.530        39,212       -0.02        -3.6364      0.56         0.56         0.53         <Open    
12 2018/06/14 pyr          0.550        88,300       -0.02        -3.5088      0.56         0.56         0.54         <Open    
13 2018/06/13 pyr          0.570        7,500        0.01         1.7857       0.57         0.57         0.56         >Open DHigh  
14 2018/06/12 pyr          0.560        79,000       -0.02        -3.4483      0.60         0.58         0.56         <Open    
15 2018/06/11 pyr          0.580        169,700      0.02         3.5714       0.60         0.56         0.56         >Open    


18 2018/06/08 pyr          0.560        12,100       -0.01        -1.7544      0.57         0.57         0.56         <Open    
19 2018/06/07 pyr          0.570        24,100       0.00         0.00         0.57         0.57         0.57         >Open DHigh  
20 2018/06/06 pyr          0.570        34,000       0.00         0.00         0.58         0.57         0.56         >Open    
21 2018/06/05 pyr          0.570        94,500       -0.02        -3.3898      0.60         0.60         0.57         <Open    
22 2018/06/04 pyr          0.590        70,558       -0.01        -1.6667      0.60         0.60         0.57         <Open    


25 2018/06/01 pyr          0.600        33,350       0.01         1.6949       0.60         0.60         0.56         >Open DHigh  
26 2018/05/31 pyr          0.590        36,150       0.02         3.5088       0.60         0.56         0.56         >Open    
27 2018/05/30 pyr          0.570        72,800       0.00         0.00         0.59         0.58         0.55         <Open    
28 2018/05/29 pyr          0.570        95,450       -0.03        -5.00        0.61         0.60         0.56         <Open    
29 2018/05/28 pyr          0.600        59,500       0.00         0.00         0.63         0.63         0.60         <Open    


32 2018/05/25 pyr          0.600        109,490      -0.01        -1.6393      0.62         0.61         0.60         <Open    
33 2018/05/24 pyr          0.610        43,651       0.01         1.6667       0.61         0.60         0.59         >Open DHigh  
34 2018/05/23 pyr          0.600        18,801       -0.02        -3.2258      0.62         0.62         0.59         <Open    
35 2018/05/22 pyr          0.620        110,300      0.03         5.0847       0.62         0.60         0.59         >Open DHigh  



39 2018/05/18 pyr          0.590        179,168      -0.03        -4.8387      0.62         0.62         0.59         <Open    
40 2018/05/17 pyr          0.620        1,039,591    0.04         6.8966       0.69         0.67         0.61         <Open    
41 2018/05/16 pyr          0.580        26,200       0.03         5.4545       0.58         0.56         0.55         >Open DHigh  
42 2018/05/15 pyr          0.550        22,350       0.00         0.00         0.57         0.57         0.55         <Open    
43 2018/05/14 pyr          0.550        81,000       0.01         1.8519       0.57         0.56         0.55         <Open    


46 2018/05/11 pyr          0.540        30,100       -0.01        -1.8182      0.54         0.54         0.53         >Open DHigh  
47 2018/05/10 pyr          0.550        24,000       0.03         5.7692       0.55         0.53         0.53         >Open DHigh  
48 2018/05/09 pyr          0.520        31,800       -0.01        -1.8868      0.54         0.52         0.52         >Open    
49 2018/05/08 pyr          0.530        65,950       0.00         0.00         0.55         0.53         0.52         >Open    
50 2018/05/07 pyr          0.530        38,600       0.00         0.00         0.55         0.54         0.53         <Open    


53 2018/05/04 pyr          0.530        53,611       -0.04        -7.0175      0.58         0.58         0.53         <Open    
54 2018/05/03 pyr          0.570        73,500       0.04         7.5472       0.59         0.53         0.53         >Open    
55 2018/05/02 pyr          0.530        61,844       0.02         3.9216       0.53         0.51         0.51         >Open DHigh  
56 2018/05/01 pyr          0.510        194,084      -0.02        -3.7736      0.51         0.50         0.48         >Open DHigh  
57 2018/04/30 pyr          0.530        148,810      -0.06        -10.1695     0.59         0.56         0.51         <Open    


60 2018/04/27 pyr          0.590        41,050       0.03         5.3571       0.59         0.56         0.56         >Open DHigh  
61 2018/04/26 pyr          0.560        63,525       -0.02        -3.4483      0.60         0.58         0.56         <Open    
62 2018/04/25 pyr          0.580        107,471      -0.02        -3.3333      0.60         0.60         0.58         <Open    
63 2018/04/24 pyr          0.600        49,900       0.03         5.2632       0.61         0.58         0.58         >Open    
64 2018/04/23 pyr          0.570        66,005       -0.01        -1.7241      0.58         0.55         0.54         >Open    


67 2018/04/20 pyr          0.580        123,122      -0.04        -6.4516      0.61         0.60         0.57         <Open    
68 2018/04/19 pyr          0.620        17,900       0.01         1.6393       0.62         0.61         0.61         >Open DHigh  
69 2018/04/18 pyr          0.610        42,600       0.00         0.00         0.62         0.62         0.61         <Open    
70 2018/04/17 pyr          0.610        55,877       -0.02        -3.1746      0.63         0.62         0.61         <Open    
71 2018/04/16 pyr          0.630        37,431       -0.01        -1.5625      0.63         0.61         0.61         >Open DHigh  


74 2018/04/13 pyr          0.640        19,300       0.00         0.00         0.66         0.64         0.63         >Open    
75 2018/04/12 pyr          0.640        4,000        -0.01        -1.5385      0.64         0.64         0.64         >Open DHigh  
76 2018/04/11 pyr          0.650        57,650       0.02         3.1746       0.65         0.63         0.63         >Open DHigh  
77 2018/04/10 pyr          0.630        33,500       0.01         1.6129       0.63         0.63         0.62         >Open DHigh  
78 2018/04/09 pyr          0.620        39,500       -0.01        -1.5873      0.63         0.63         0.62         <Open    


81 2018/04/06 pyr          0.630        20,230       -0.01        -1.5625      0.63         0.63         0.63         >Open DHigh  
82 2018/04/05 pyr          0.640        27,900       0.00         0.00         0.64         0.63         0.62         >Open DHigh  
83 2018/04/04 pyr          0.640        125,050      -0.02        -3.0303      0.65         0.63         0.63         >Open    
84 2018/04/03 pyr          0.660        6,915        0.00         0.00         0.67         0.65         0.65         >Open    
85 2018/04/02 pyr          0.660        33,981       0.01         1.5385       0.68         0.68         0.65         <Open    



89 2018/03/29 pyr          0.650        16,709       -0.01        -1.5152      0.66         0.66         0.65         <Open    
90 2018/03/28 pyr          0.660        72,923       -0.02        -2.9412      0.68         0.68         0.66         <Open    
91 2018/03/27 pyr          0.680        34,725       -0.03        -4.2254      0.71         0.71         0.67         <Open    
92 2018/03/26 pyr          0.710        103,103      0.03         4.4118       0.71         0.69         0.69         >Open DHigh  


95 2018/03/23 pyr          0.680        141,685      -0.02        -2.8571      0.71         0.70         0.67         <Open    
96 2018/03/22 pyr          0.700        38,400       0.02         2.9412       0.71         0.68         0.68         >Open    
97 2018/03/21 pyr          0.680        54,000       -0.03        -4.2254      0.71         0.71         0.68         <Open    
98 2018/03/20 pyr          0.710        55,450       0.02         2.8986       0.71         0.70         0.69         >Open DHigh  
99 2018/03/19 pyr          0.690        170,412      -0.02        -2.8169      0.73         0.72         0.69         <Open    


102 2018/03/16 pyr          0.710        122,200      0.04         5.9701       0.71         0.68         0.68         >Open DHigh  
103 2018/03/15 pyr          0.670        17,500       -0.01        -1.4706      0.68         0.66         0.66         >Open    
104 2018/03/14 pyr          0.680        74,270       0.02         3.0303       0.69         0.68         0.65         >Open    
105 2018/03/13 pyr          0.660        69,800       -0.03        -4.3478      0.70         0.70         0.66         <Open    
106 2018/03/12 pyr          0.690        181,405      0.01         1.4706       0.71         0.69         0.68         >Open    


109 2018/03/09 pyr          0.680        109,114      0.00         0.00         0.69         0.68         0.67         >Open    
110 2018/03/08 pyr          0.680        96,280       0.01         1.4925       0.70         0.68         0.68         >Open    
111 2018/03/07 pyr          0.670        45,057       0.01         1.5152       0.67         0.66         0.63         >Open DHigh  
112 2018/03/06 pyr          0.660        48,000       0.02         3.125        0.66         0.65         0.65         >Open DHigh  
113 2018/03/05 pyr          0.640        42,500       0.00         0.00         0.65         0.65         0.63         <Open    


116 2018/03/02 pyr          0.640        40,460       0.00         0.00         0.66         0.66         0.63         <Open    
117 2018/03/01 pyr          0.640        38,950       0.01         1.5873       0.65         0.63         0.63         >Open    
118 2018/02/28 pyr          0.630        71,442       -0.04        -5.9701      0.67         0.67         0.63         <Open    
119 2018/02/27 pyr          0.670        23,978       0.00         0.00         0.69         0.68         0.66         <Open    
120 2018/02/26 pyr          0.670        161,060      0.07         11.6667      0.68         0.61         0.61         >Open    


123 2018/02/23 pyr          0.600        46,129       -0.01        -1.6393      0.62         0.61         0.60         <Open    
124 2018/02/22 pyr          0.610        54,400       0.01         1.6667       0.62         0.60         0.60         >Open    
125 2018/02/21 pyr          0.600        163,372      -0.02        -3.2258      0.63         0.63         0.59         <Open    
126 2018/02/20 pyr          0.620        58,152       0.00         0.00         0.64         0.63         0.62         <Open    



130 2018/02/16 pyr          0.620        77,610       -0.01        -1.5873      0.65         0.64         0.62         <Open    
131 2018/02/15 pyr          0.630        142,285      -0.01        -1.5625      0.64         0.64         0.61         <Open    
132 2018/02/14 pyr          0.640        20,009       0.02         3.2258       0.66         0.64         0.64         >Open    
133 2018/02/13 pyr          0.620        315,314      -0.05        -7.4627      0.67         0.67         0.62         <Open    
134 2018/02/12 pyr          0.670        439,028      -0.06        -8.2192      0.74         0.74         0.66         <Open    


137 2018/02/09 pyr          0.730        43,330       0.00         0.00         0.73         0.70         0.69         >Open DHigh  
138 2018/02/08 pyr          0.730        110,750      0.03         4.2857       0.73         0.73         0.70         >Open DHigh  
139 2018/02/07 pyr          0.700        121,313      0.03         4.4776       0.72         0.69         0.68         >Open    
140 2018/02/06 pyr          0.670        148,690      -0.05        -6.9444      0.70         0.70         0.66         <Open    
141 2018/02/05 pyr          0.720        228,529      0.00         0.00         0.72         0.67         0.66         >Open DHigh  


144 2018/02/02 pyr          0.720        546,098      0.00         0.00         0.75         0.74         0.66         <Open    
145 2018/02/01 pyr          0.720        668,485      -0.01        -1.3699      0.84         0.74         0.72         <Open    
146 2018/01/31 pyr          0.730        359,321      -0.04        -5.1948      0.80         0.80         0.72         <Open    
147 2018/01/30 pyr          0.770        326,682      0.03         4.0541       0.81         0.78         0.76         <Open    
148 2018/01/29 pyr          0.740        115,907      0.02         2.7778       0.75         0.72         0.70         >Open    


151 2018/01/26 pyr          0.720        42,222       -0.02        -2.7027      0.74         0.74         0.72         <Open    
152 2018/01/25 pyr          0.740        1,070,890    0.05         7.2464       0.80         0.69         0.69         >Open    
153 2018/01/24 pyr          0.690        171,240      0.01         1.4706       0.71         0.69         0.69         >Open    
154 2018/01/23 pyr          0.680        40,900       0.00         0.00         0.68         0.66         0.66         >Open DHigh  
155 2018/01/22 pyr          0.680        100,910      0.01         1.4925       0.68         0.68         0.66         >Open DHigh  


158 2018/01/19 pyr          0.670        68,350       -0.02        -2.8986      0.69         0.69         0.67         <Open    
159 2018/01/18 pyr          0.690        30,940       0.00         0.00         0.69         0.68         0.68         >Open DHigh  
160 2018/01/17 pyr          0.690        30,100       0.02         2.9851       0.69         0.68         0.67         >Open DHigh  
161 2018/01/16 pyr          0.670        80,761       0.00         0.00         0.68         0.68         0.67         <Open    
162 2018/01/15 pyr          0.670        99,484       0.00         0.00         0.70         0.66         0.66         >Open    


165 2018/01/12 pyr          0.670        121,330      0.00         0.00         0.67         0.66         0.65         >Open DHigh  
166 2018/01/11 pyr          0.670        50,400       -0.02        -2.8986      0.69         0.69         0.66         <Open    
167 2018/01/10 pyr          0.690        50,100       0.00         0.00         0.70         0.69         0.67         >Open    
168 2018/01/09 pyr          0.690        87,379       -0.01        -1.4286      0.71         0.71         0.68         <Open    
169 2018/01/08 pyr          0.700        259,346      0.02         2.9412       0.72         0.70         0.70         >Open    


172 2018/01/05 pyr          0.680        169,275      0.04         6.25         0.68         0.65         0.65         >Open DHigh  
173 2018/01/04 pyr          0.640        60,972       -0.01        -1.5385      0.65         0.63         0.63         >Open    
174 2018/01/03 pyr          0.650        69,053       0.02         3.1746       0.65         0.65         0.61         >Open DHigh  
175 2018/01/02 pyr          0.630        142,285      0.00         0.00         0.66         0.65         0.62         <Open    



179 2017/12/29 pyr          0.630        133,063      -0.02        -3.0769      0.64         0.63         0.62         >Open    
180 2017/12/28 pyr          0.650        168,950      -0.01        -1.5152      0.66         0.65         0.64         >Open    
181 2017/12/27 pyr          0.660        41,370       -0.01        -1.4925      0.66         0.65         0.64         >Open DHigh  




186 2017/12/22 pyr          0.670        47,755       0.00         0.00         0.67         0.64         0.64         >Open DHigh  
187 2017/12/21 pyr          0.670        90,040       0.05         8.0645       0.67         0.63         0.63         >Open DHigh  
188 2017/12/20 pyr          0.620        62,290       -0.03        -4.6154      0.64         0.64         0.62         <Open    
189 2017/12/19 pyr          0.650        113,325      -0.02        -2.9851      0.68         0.68         0.63         <Open    
190 2017/12/18 pyr          0.670        102,167      0.01         1.5152       0.67         0.66         0.65         >Open DHigh  


193 2017/12/15 pyr          0.660        93,853       -0.01        -1.4925      0.70         0.70         0.65         <Open    
194 2017/12/14 pyr          0.670        133,660      0.00         0.00         0.73         0.67         0.67         >Open    
195 2017/12/13 pyr          0.670        51,700       0.01         1.5152       0.68         0.67         0.66         >Open    
196 2017/12/12 pyr          0.660        60,425       0.00         0.00         0.66         0.65         0.65         >Open DHigh  
197 2017/12/11 pyr          0.660        1,349,800    -0.01        -1.4925      0.68         0.67         0.66         <Open    


200 2017/12/08 pyr          0.670        69,475       -0.03        -4.2857      0.69         0.69         0.67         <Open    
201 2017/12/07 pyr          0.700        80,887       0.02         2.9412       0.70         0.67         0.66         >Open DHigh  
202 2017/12/06 pyr          0.680        53,500       0.02         3.0303       0.68         0.66         0.64         >Open DHigh  
203 2017/12/05 pyr          0.660        185,827      -0.02        -2.9412      0.72         0.68         0.62         <Open    
204 2017/12/04 pyr          0.680        183,704      0.05         7.9365       0.73         0.64         0.64         >Open    


207 2017/12/01 pyr          0.630        211,584      -0.04        -5.9701      0.68         0.68         0.61         <Open    
208 2017/11/30 pyr          0.670        119,370      0.00         0.00         0.68         0.68         0.65         <Open    
209 2017/11/29 pyr          0.670        120,663      -0.02        -2.8986      0.71         0.70         0.67         <Open    
210 2017/11/28 pyr          0.690        70,901       -0.01        -1.4286      0.71         0.71         0.69         <Open    
211 2017/11/27 pyr          0.700        148,052      -0.02        -2.7778      0.72         0.71         0.69         <Open    


214 2017/11/24 pyr          0.720        48,553       0.03         4.3478       0.72         0.70         0.70         >Open DHigh  
215 2017/11/23 pyr          0.690        102,487      -0.02        -2.8169      0.73         0.72         0.69         <Open    
216 2017/11/22 pyr          0.710        76,108       -0.01        -1.3889      0.74         0.73         0.71         <Open    
217 2017/11/21 pyr          0.720        193,080      -0.04        -5.2632      0.76         0.76         0.72         <Open    
218 2017/11/20 pyr          0.760        77,234       -0.01        -1.2987      0.79         0.77         0.75         <Open    


221 2017/11/17 pyr          0.770        97,950       -0.01        -1.2821      0.79         0.78         0.76         <Open    
222 2017/11/16 pyr          0.780        212,529      0.02         2.6316       0.80         0.78         0.78         >Open    
223 2017/11/15 pyr          0.760        282,293      0.05         7.0423       0.80         0.73         0.73         >Open    
224 2017/11/14 pyr          0.710        101,304      -0.02        -2.7397      0.75         0.75         0.71         <Open    
225 2017/11/13 pyr          0.730        223,346      -0.01        -1.3514      0.74         0.73         0.70         >Open    


228 2017/11/10 pyr          0.740        105,127      -0.01        -1.3333      0.75         0.75         0.71         <Open    
229 2017/11/09 pyr          0.750        213,789      0.00         0.00         0.78         0.78         0.69         <Open    
230 2017/11/08 pyr          0.750        407,973      0.08         11.9403      0.80         0.68         0.66         >Open    
231 2017/11/07 pyr          0.670        162,762      0.00         0.00         0.70         0.69         0.65         <Open    
232 2017/11/06 pyr          0.670        509,073      0.06         9.8361       0.71         0.65         0.65         >Open    


235 2017/11/03 pyr          0.610        137,350      0.03         5.1724       0.61         0.59         0.58         >Open DHigh  
236 2017/11/02 pyr          0.580        360,008      -0.05        -7.9365      0.63         0.63         0.56         <Open    
237 2017/11/01 pyr          0.630        126,830      -0.02        -3.0769      0.65         0.63         0.62         >Open    
238 2017/10/31 pyr          0.650        102,852      -0.04        -5.7971      0.69         0.69         0.65         <Open    
239 2017/10/30 pyr          0.690        189,195      -0.01        -1.4286      0.70         0.70         0.67         <Open    


242 2017/10/27 pyr          0.700        206,318      -0.02        -2.7778      0.71         0.71         0.69         <Open    
243 2017/10/26 pyr          0.720        243,440      0.05         7.4627       0.73         0.69         0.69         >Open    
244 2017/10/25 pyr          0.670        198,435      0.01         1.5152       0.72         0.66         0.66         >Open    
245 2017/10/24 pyr          0.660        649,888      -0.02        -2.9412      0.73         0.69         0.66         <Open    
246 2017/10/23 pyr          0.680        1,562,189    0.17         33.3333      0.81         0.54         0.54         >Open    


249 2017/10/20 pyr          0.510        171,920      0.015        3.0303       0.51         0.49         0.49         >Open DHigh  
250 2017/10/19 pyr          0.495        217,605      0.01         2.0619       0.50         0.495        0.47         <Open    
251 2017/10/18 pyr          0.485        253,087      0.005        1.0417       0.52         0.50         0.485        <Open   DLow
252 2017/10/17 pyr          0.480        183,740      -0.02        -4.00        0.495        0.49         0.47         <Open    
253 2017/10/16 pyr          0.500        186,310      0.00         0.00         0.52         0.52         0.49         <Open    


256 2017/10/13 pyr          0.500        147,859      -0.01        -1.9608      0.53         0.51         0.48         <Open    
257 2017/10/12 pyr          0.510        81,110       0.00         0.00         0.52         0.51         0.50         >Open    
258 2017/10/11 pyr          0.510        117,750      -0.02        -3.7736      0.51         0.51         0.50         >Open DHigh  
259 2017/10/10 pyr          0.530        188,740      0.03         6.00         0.54         0.50         0.49         >Open    



263 2017/10/06 pyr          0.500        136,950      0.00         0.00         0.51         0.51         0.49         <Open    
264 2017/10/05 pyr          0.500        161,866      0.005        1.0101       0.52         0.495        0.49         >Open    
265 2017/10/04 pyr          0.495        71,989       0.03         6.4516       0.50         0.465        0.465        >Open    
266 2017/10/03 pyr          0.465        95,516       -0.03        -6.0606      0.495        0.495        0.465        <Open   DLow
267 2017/10/02 pyr          0.495        287,878      0.015        3.125        0.50         0.485        0.46         >Open    


270 2017/09/29 pyr          0.480        1,321,708    0.01         2.1277       0.48         0.46         0.405        >Open DHigh  
271 2017/09/28 pyr          0.470        301,760      -0.03        -6.00        0.51         0.51         0.46         <Open    
272 2017/09/27 pyr          0.500        71,410       0.005        1.0101       0.51         0.50         0.495        >Open    
273 2017/09/26 pyr          0.495        119,300      -0.035       -6.6038      0.54         0.53         0.495        <Open   DLow
274 2017/09/25 pyr          0.530        89,346       -0.03        -5.3571      0.56         0.56         0.52         <Open    


277 2017/09/22 pyr          0.560        47,003       -0.01        -1.7544      0.58         0.57         0.55         <Open    
278 2017/09/21 pyr          0.570        196,268      0.02         3.6364       0.57         0.55         0.53         >Open DHigh  
279 2017/09/20 pyr          0.550        397,620      -0.05        -8.3333      0.62         0.62         0.53         <Open    
280 2017/09/19 pyr          0.600        142,433      -0.02        -3.2258      0.62         0.62         0.59         <Open    
281 2017/09/18 pyr          0.620        110,250      0.00         0.00         0.64         0.62         0.61         >Open    


284 2017/09/15 pyr          0.620        88,700       -0.02        -3.125       0.63         0.63         0.60         <Open    
285 2017/09/14 pyr          0.640        125,709      0.04         6.6667       0.65         0.63         0.62         >Open    
286 2017/09/13 pyr          0.600        51,850       0.00         0.00         0.61         0.60         0.59         >Open    
287 2017/09/12 pyr          0.600        214,309      0.01         1.6949       0.62         0.59         0.59         >Open    
288 2017/09/11 pyr          0.590        60,420       0.00         0.00         0.59         0.57         0.57         >Open DHigh  


291 2017/09/08 pyr          0.590        361,289      -0.03        -4.8387      0.62         0.62         0.54         <Open    
292 2017/09/07 pyr          0.620        60,711       0.01         1.6393       0.62         0.61         0.61         >Open DHigh  
293 2017/09/06 pyr          0.610        56,520       -0.01        -1.6129      0.63         0.62         0.60         <Open    
294 2017/09/05 pyr          0.620        1,150,275    0.00         0.00         0.64         0.62         0.62         >Open    



298 2017/09/01 pyr          0.620        34,826       0.00         0.00         0.66         0.64         0.62         <Open    
299 2017/08/31 pyr          0.620        123,115      -0.03        -4.6154      0.66         0.65         0.62         <Open    
300 2017/08/30 pyr          0.650        104,434      -0.03        -4.4118      0.68         0.68         0.64         <Open    
301 2017/08/29 pyr          0.680        41,450       0.01         1.4925       0.69         0.67         0.67         >Open    
302 2017/08/28 pyr          0.670        210,990      0.03         4.6875       0.67         0.66         0.63         >Open DHigh  


305 2017/08/25 pyr          0.640        156,044      -0.02        -3.0303      0.67         0.66         0.63         <Open    
306 2017/08/24 pyr          0.660        55,600       -0.02        -2.9412      0.68         0.67         0.66         <Open    
307 2017/08/23 pyr          0.680        25,620       0.02         3.0303       0.68         0.65         0.65         >Open DHigh  
308 2017/08/22 pyr          0.660        31,410       0.01         1.5385       0.66         0.65         0.64         >Open DHigh  
309 2017/08/21 pyr          0.650        118,320      -0.03        -4.4118      0.70         0.70         0.65         <Open    


312 2017/08/18 pyr          0.680        240,282      -0.01        -1.4493      0.70         0.69         0.68         <Open    
313 2017/08/17 pyr          0.690        60,713       -0.03        -4.1667      0.72         0.72         0.69         <Open    
314 2017/08/16 pyr          0.720        49,900       0.02         2.8571       0.74         0.74         0.69         <Open    
315 2017/08/15 pyr          0.700        97,881       -0.03        -4.1096      0.74         0.74         0.68         <Open    
316 2017/08/14 pyr          0.730        213,552      0.05         7.3529       0.78         0.72         0.70         >Open    


319 2017/08/11 pyr          0.680        50,070       -0.01        -1.4493      0.69         0.69         0.66         <Open    
320 2017/08/10 pyr          0.690        44,950       -0.01        -1.4286      0.71         0.71         0.66         <Open    
321 2017/08/09 pyr          0.700        149,282      0.08         12.9032      0.70         0.64         0.63         >Open DHigh  
322 2017/08/08 pyr          0.620        213,137      -0.10        -13.8889     0.69         0.69         0.62         <Open    



326 2017/08/04 pyr          0.720        48,220       -0.01        -1.3699      0.74         0.74         0.72         <Open    
327 2017/08/03 pyr          0.730        98,895       0.06         8.9552       0.73         0.67         0.67         >Open DHigh  
328 2017/08/02 pyr          0.670        231,230      0.04         6.3492       0.67         0.63         0.63         >Open DHigh  
329 2017/08/01 pyr          0.630        675,795      -0.07        -10.00       0.67         0.66         0.61         <Open    
330 2017/07/31 pyr          0.700        382,025      -0.05        -6.6667      0.76         0.76         0.70         <Open    


333 2017/07/28 pyr          0.750        86,100       0.00         0.00         0.755        0.75         0.735        >Open    
334 2017/07/27 pyr          0.750        62,620       -0.02        -2.5974      0.77         0.77         0.75         <Open    
335 2017/07/26 pyr          0.770        40,650       0.02         2.6667       0.78         0.75         0.75         >Open    
336 2017/07/25 pyr          0.750        63,800       -0.04        -5.0633      0.79         0.79         0.75         <Open    
337 2017/07/24 pyr          0.790        141,932      0.01         1.2821       0.79         0.76         0.75         >Open DHigh  


340 2017/07/21 pyr          0.780        89,247       -0.01        -1.2658      0.81         0.80         0.78         <Open    
341 2017/07/20 pyr          0.790        25,450       0.03         3.9474       0.80         0.77         0.77         >Open    
342 2017/07/19 pyr          0.760        49,400       -0.03        -3.7975      0.80         0.78         0.76         <Open    
343 2017/07/18 pyr          0.790        65,450       0.04         5.3333       0.80         0.75         0.75         >Open    
344 2017/07/17 pyr          0.750        37,279       0.00         0.00         0.80         0.78         0.75         <Open    


347 2017/07/14 pyr          0.750        77,000       -0.04        -5.0633      0.79         0.79         0.75         <Open    
348 2017/07/13 pyr          0.790        30,231       0.00         0.00         0.80         0.80         0.79         <Open    
349 2017/07/12 pyr          0.790        58,237       0.04         5.3333       0.79         0.73         0.72         >Open DHigh  
350 2017/07/11 pyr          0.750        41,040       -0.01        -1.3158      0.79         0.78         0.75         <Open    
351 2017/07/10 pyr          0.760        104,086      -0.01        -1.2987      0.80         0.77         0.71         <Open    


354 2017/07/07 pyr          0.770        176,710      -0.05        -6.0976      0.81         0.81         0.76         <Open    
355 2017/07/06 pyr          0.820        294,000      0.05         6.4935       0.87         0.79         0.78         >Open    
356 2017/07/05 pyr          0.770        46,270       -0.01        -1.2821      0.80         0.79         0.77         <Open    
357 2017/07/04 pyr          0.780        180,068      -0.01        -1.2658      0.85         0.80         0.78         <Open    



361 2017/06/30 pyr          0.790        234,201      0.03         3.9474       0.84         0.78         0.77         >Open    
362 2017/06/29 pyr          0.760        714,338      0.07         10.1449      0.81         0.67         0.67         >Open    
363 2017/06/28 pyr          0.690        686,367      -0.09        -11.5385     0.77         0.77         0.69         <Open    
364 2017/06/27 pyr          0.780        154,770      -0.04        -4.878       0.82         0.82         0.75         <Open    
365 2017/06/26 pyr          0.820        396,080      -0.02        -2.381       0.87         0.85         0.75         <Open    


368 2017/06/23 pyr          0.840        166,049      -0.02        -2.3256      0.88         0.85         0.84         <Open    
369 2017/06/22 pyr          0.860        79,500       -0.05        -5.4945      0.91         0.91         0.86         <Open    
370 2017/06/21 pyr          0.910        152,791      0.02         2.2472       0.91         0.89         0.85         >Open DHigh  
371 2017/06/20 pyr          0.890        97,111       0.01         1.1364       0.89         0.88         0.84         >Open DHigh  
372 2017/06/19 pyr          0.880        154,837      -0.01        -1.1236      0.92         0.91         0.86         <Open    


375 2017/06/16 pyr          0.890        110,700      -0.02        -2.1978      0.90         0.90         0.86         <Open    
376 2017/06/15 pyr          0.910        130,316      0.00         0.00         0.92         0.91         0.88         >Open    
377 2017/06/14 pyr          0.910        379,756      -0.05        -5.2083      0.96         0.96         0.88         <Open    
378 2017/06/13 pyr          0.960        228,735      0.01         1.0526       0.98         0.93         0.93         >Open    
379 2017/06/12 pyr          0.950        192,904      0.03         3.2609       0.95         0.92         0.92         >Open DHigh  


382 2017/06/09 pyr          0.920        150,290      0.03         3.3708       0.92         0.90         0.85         >Open DHigh  
383 2017/06/08 pyr          0.890        120,851      0.01         1.1364       0.93         0.93         0.89         <Open    
384 2017/06/07 pyr          0.880        351,062      0.00         0.00         0.92         0.90         0.88         <Open    
385 2017/06/06 pyr          0.880        553,768      -0.01        -1.1236      0.90         0.87         0.82         >Open    
386 2017/06/05 pyr          0.890        846,129      -0.02        -2.1978      0.98         0.95         0.87         <Open    


389 2017/06/02 pyr          0.910        701,217      0.11         13.75        0.95         0.79         0.78         >Open    
390 2017/06/01 pyr          0.800        254,163      0.09         12.6761      0.80         0.73         0.72         >Open DHigh  
391 2017/05/31 pyr          0.710        250,007      0.02         2.8986       0.74         0.70         0.69         >Open    
392 2017/05/30 pyr          0.690        140,754      0.00         0.00         0.69         0.69         0.66         >Open DHigh  
393 2017/05/29 pyr          0.690        65,425       0.01         1.4706       0.69         0.66         0.65         >Open DHigh  


396 2017/05/26 pyr          0.680        103,622      -0.02        -2.8571      0.70         0.70         0.65         <Open    
397 2017/05/25 pyr          0.700        147,675      0.05         7.6923       0.70         0.66         0.66         >Open DHigh  
398 2017/05/24 pyr          0.650        399,864      -0.01        -1.5152      0.68         0.61         0.58         >Open    
399 2017/05/23 pyr          0.660        146,998      -0.04        -5.7143      0.72         0.72         0.66         <Open    



403 2017/05/19 pyr          0.700        61,874       0.00         0.00         0.72         0.72         0.69         <Open    
404 2017/05/18 pyr          0.700        126,597      -0.01        -1.4085      0.72         0.70         0.70         >Open    
405 2017/05/17 pyr          0.710        103,497      -0.01        -1.3889      0.72         0.72         0.69         <Open    
406 2017/05/16 pyr          0.720        78,460       0.00         0.00         0.72         0.70         0.70         >Open DHigh  
407 2017/05/15 pyr          0.720        44,628       0.01         1.4085       0.72         0.72         0.69         >Open DHigh  


410 2017/05/12 pyr          0.710        104,780      -0.01        -1.3889      0.71         0.70         0.69         >Open DHigh  
411 2017/05/11 pyr          0.720        97,120       -0.03        -4.00        0.73         0.73         0.70         <Open    
412 2017/05/10 pyr          0.750        221,654      -0.01        -1.3158      0.77         0.76         0.74         <Open    
413 2017/05/09 pyr          0.760        227,670      0.02         2.7027       0.76         0.75         0.74         >Open DHigh  
414 2017/05/08 pyr          0.740        119,138      0.01         1.3699       0.74         0.73         0.71         >Open DHigh  


417 2017/05/05 pyr          0.730        181,450      0.03         4.2857       0.75         0.72         0.72         >Open    
418 2017/05/04 pyr          0.700        231,426      0.02         2.9412       0.73         0.68         0.65         >Open    
419 2017/05/03 pyr          0.680        215,447      0.00         0.00         0.68         0.68         0.64         >Open DHigh  
420 2017/05/02 pyr          0.680        145,098      0.01         1.4925       0.69         0.68         0.67         >Open    
421 2017/05/01 pyr          0.670        557,094      -0.05        -6.9444      0.72         0.72         0.66         <Open    


424 2017/04/28 pyr          0.720        869,514      -0.01        -1.3699      0.75         0.72         0.70         >Open    
425 2017/04/27 pyr          0.730        1,199,509    -0.04        -5.1948      0.78         0.75         0.70         <Open    
426 2017/04/26 pyr          0.770        3,104,058    0.12         18.4615      0.79         0.68         0.60         >Open    
427 2017/04/25 pyr          0.650        1,387,547    0.02         3.1746       0.75         0.72         0.65         <Open    
428 2017/04/24 pyr          0.630        3,173,004    0.12         23.5294      0.77         0.53         0.52         >Open    


431 2017/04/21 pyr          0.510        1,200,421    0.025        5.1546       0.53         0.485        0.485        >Open    
432 2017/04/20 pyr          0.485        470,663      0.015        3.1915       0.485        0.47         0.465        >Open DHigh  
433 2017/04/19 pyr          0.470        477,640      0.035        8.046        0.48         0.465        0.46         >Open    
434 2017/04/18 pyr          0.435        316,505      0.02         4.8193       0.475        0.43         0.42         >Open    
435 2017/04/17 pyr          0.415        174,868      -0.01        -2.3529      0.435        0.42         0.415        <Open   DLow



439 2017/04/13 pyr          0.425        143,350      -0.01        -2.2989      0.43         0.425        0.415        <Open    
440 2017/04/12 pyr          0.435        160,465      0.005        1.1628       0.435        0.42         0.42         >Open DHigh  
441 2017/04/11 pyr          0.430        130,413      -0.01        -2.2727      0.435        0.435        0.415        <Open    
442 2017/04/10 pyr          0.440        183,800      0.025        6.0241       0.44         0.425        0.415        >Open DHigh  


445 2017/04/07 pyr          0.415        209,050      -0.015       -3.4884      0.43         0.43         0.395        <Open    
446 2017/04/06 pyr          0.430        400,455      0.00         0.00         0.43         0.425        0.39         >Open DHigh  
447 2017/04/05 pyr          0.430        256,250      0.01         2.381        0.43         0.425        0.42         >Open DHigh  
448 2017/04/04 pyr          0.420        168,107      -0.01        -2.3256      0.43         0.43         0.41         <Open    
449 2017/04/03 pyr          0.430        265,757      0.00         0.00         0.435        0.435        0.42         <Open    
