EXCHANGE%3DNASDAQ
MARKET_OPEN_MINUTE=570
MARKET_CLOSE_MINUTE=960
INTERVAL=60
COLUMNS=DATE,CLOSE,HIGH,LOW,OPEN,VOLUME
DATA=
TIMEZONE_OFFSET=-240
a1532352600,190.66,190.8,190.56,190.68,199900
1,190.92,190.95,190.56,190.6035,94587
2,190.95,191,190.65,190.91,129765
3,190.69,190.98,190.64,190.98,99014
4,190.76,190.76,190.64,190.68,46174
5,190.3953,190.76,190.38,190.75,59361
6,190.26,190.39,190.08,190.39,78771
7,190.06,190.25,190.02,190.25,76251
8,190.16,190.23,189.92,190.06,133199
9,190.18,190.245,190.08,190.15,80907
10,189.91,190.21,189.9,190.21,98353
11,190.01,190.05,189.85,189.9,72179
12,189.99,190.05,189.9,190.01,62720
13,190.06,190.11,190,190.015,55670
14,190.16,190.2,190,190.073,59109
15,190.24,190.3,190.15,190.1702,71827
16,190.05,190.25,190.046,190.24,64569
17,190.08,190.149,189.97,190.05,78681
18,190,190.09,189.99,190.0867,54406
19,189.98,190.02,189.9,190,55548
20,189.79,190.03,189.76,189.98,63386
21,189.9002,189.91,189.67,189.79,68410
22,189.959,190.0112,189.88,189.89,54367
23,189.775,189.9501,189.75,189.9501,59255
24,189.7328,189.85,189.68,189.77,44444
25,189.77,189.81,189.7,189.745,45292
26,189.86,189.91,189.78,189.78,56636
27,189.69,189.8898,189.69,189.8536,56537
28,189.92,189.97,189.66,189.71,71711
29,190.15,190.15,189.89,189.9175,45066
30,190.16,190.2099,190.03,190.15,67729
31,189.98,190.16,189.95,190.16,50319
32,190.165,190.17,189.96,189.96,39987
33,190.2236,190.2236,190.13,190.17,36836
34,190.25,190.34,190.19,190.22,69533
35,190.17,190.29,190.12,190.2401,34805
36,190.169,190.22,190.12,190.1736,38981
37,190.26,190.26,190.1771,190.18,25889
38,190.18,190.2699,190.13,190.26,33791
39,190.07,190.21,190.04,190.18,31489
40,190.21,190.21,190.05,190.0601,30580
41,190.07,190.2032,190.07,190.19,21398
42,190.04,190.08,190.02,190.07,43754
43,190.08,190.08,190,190.0456,34529
44,190.18,190.18,190.0601,190.09,31767
45,190.1,190.23,190.09,190.18,35250
46,190.009,190.12,190,190.1,45564
47,189.98,190.09,189.98,190.01,39745
48,189.96,190.0209,189.94,189.98,33404
49,190.009,190.07,189.93,189.96,51319
50,189.93,190.022,189.9,189.99,59813
51,189.88,189.94,189.85,189.9228,32698
52,189.84,189.9307,189.84,189.88,35176
53,189.77,189.85,189.76,189.845,39051
54,189.73,189.7792,189.7,189.76,40616
55,189.87,189.91,189.71,189.7322,47918
56,189.8301,189.9,189.7964,189.87,27860
57,189.898,189.94,189.82,189.839,36465
58,189.88,189.93,189.85,189.91,28121
59,189.73,189.8838,189.71,189.8838,46782
60,189.75,189.77,189.68,189.73,81465
61,189.6204,189.7699,189.58,189.75,127759
62,189.66,189.6798,189.56,189.63,63281
63,189.76,189.79,189.65,189.665,28063
64,189.755,189.83,189.71,189.77,28016
65,189.815,189.8399,189.75,189.76,24044
66,189.8301,189.87,189.77,189.81,40923
67,189.86,189.8798,189.8,189.84,43270
68,189.93,189.95,189.87,189.87,25854
69,190.08,190.1,189.9315,189.9315,40566
70,190.14,190.18,190.02,190.08,76532
71,190.1759,190.26,190.12,190.1488,55952
72,190.27,190.27,190.13,190.175,26440
73,190.31,190.32,190.25,190.26,45273
74,190.27,190.3261,190.23,190.32,30044
75,190.27,190.2706,190.1865,190.26,28570
76,190.25,190.3,190.25,190.28,20965
77,190.18,190.25,190.17,190.24,21685
78,190.21,190.23,190.17,190.18,22792
79,190.2,190.22,190.14,190.2,31472
80,190.16,190.22,190.13,190.2,24261
81,190.2599,190.26,190.15,190.165,26672
82,190.24,190.3,190.21,190.26,38149
83,190.24,190.25,190.18,190.24,12529
84,190.2764,190.2799,190.21,190.25,22281
85,190.24,190.36,190.24,190.28,42433
86,190.17,190.265,190.17,190.25,32073
87,190.13,190.19,190.13,190.18,26144
88,190.19,190.2,190.09,190.13,18133
89,190.09,190.23,190.09,190.191,33969
90,190.1346,190.15,190.09,190.09,14954
91,190.27,190.28,190.14,190.14,22245
92,190.23,190.28,190.18,190.2701,11334
93,190.19,190.23,190.16,190.22,9877
94,190.2,190.21,190.16,190.18,12747
95,190.18,190.26,190.12,190.205,59556
96,190.05,190.19,190.03,190.17,33963
97,190.08,190.14,190.02,190.05,17910
98,190.05,190.1,190.0201,190.09,12440
99,190.09,190.0999,190.0601,190.0601,9196
100,190.08,190.08,190.02,190.08,17144
101,190.04,190.09,190.01,190.08,6792
102,190.11,190.11,190.0143,190.04,43415
103,190.1,190.14,190.095,190.102,17310
104,190.04,190.1209,190.02,190.1,17112
105,190.1,190.15,190.04,190.04,11369
106,190.05,190.1044,190.04,190.1044,25707
107,190.03,190.07,189.98,190.05,69184
108,190.03,190.06,190.01,190.0315,17803
109,190.13,190.15,190.03,190.03,22956
110,190.09,190.13,190.08,190.13,8621
111,190.07,190.13,190.05,190.1,13690
112,190.02,190.09,190.01,190.08,15766
113,190.1,190.1199,190,190.01,46437
114,190.16,190.18,190.11,190.12,15626
115,190.279,190.28,190.16,190.16,28779
116,190.249,190.3,190.23,190.27,24900
117,190.2698,190.28,190.18,190.2443,28098
118,190.333,190.35,190.251,190.26,20831
119,190.39,190.41,190.31,190.32,25768
120,190.32,190.3999,190.31,190.3999,25668
121,190.3901,190.3901,190.28,190.32,13744
122,190.4667,190.47,190.33,190.37,27758
123,190.52,190.55,190.46,190.4644,40047
124,190.56,190.59,190.5069,190.53,20281
125,190.54,190.59,190.49,190.5501,50916
126,190.59,190.6,190.53,190.54,46529
127,190.6,190.65,190.56,190.59,24337
128,190.75,190.75,190.605,190.61,81334
129,190.64,190.75,190.64,190.75,31260
130,190.65,190.68,190.62,190.64,31922
131,190.66,190.7499,190.63,190.65,21195
132,190.69,190.73,190.65,190.67,8779
133,190.65,190.7,190.6101,190.6942,11774
134,190.62,190.7,190.595,190.65,75250
135,190.6301,190.6735,190.61,190.63,24617
136,190.6952,190.7,190.64,190.64,13536
137,190.72,190.72,190.68,190.69,11579
138,190.72,190.72,190.68,190.71,11282
139,190.599,190.73,190.57,190.73,14330
140,190.61,190.62,190.58,190.6,13196
141,190.6,190.62,190.59,190.611,8772
142,190.57,190.63,190.56,190.6,7656
143,190.58,190.59,190.56,190.57,9392
144,190.64,190.64,190.57,190.58,6943
145,190.62,190.66,190.6149,190.64,13939
146,190.73,190.74,190.63,190.63,24680
147,190.7449,190.75,190.7,190.73,27333
148,190.72,190.7555,190.68,190.75,21377
149,190.76,190.78,190.7,190.73,10637
150,190.7,190.7769,190.68,190.77,17219
151,190.69,190.71,190.66,190.7038,7143
152,190.68,190.7,190.665,190.69,18472
153,190.7,190.74,190.67,190.68,21026
154,190.68,190.72,190.68,190.7,9573
155,190.69,190.705,190.66,190.68,11983
156,190.6999,190.71,190.65,190.69,17375
157,190.7455,190.7464,190.6901,190.6999,11144
158,190.7,190.76,190.69,190.745,37130
159,190.7,190.7,190.68,190.7,14061
160,190.69,190.7,190.66,190.6954,28675
161,190.7501,190.76,190.69,190.69,31477
162,190.8,190.81,190.75,190.75,31001
163,190.86,190.865,190.8,190.805,21269
164,190.8455,190.88,190.84,190.86,20459
165,190.86,190.8962,190.83,190.8499,21721
166,190.88,190.9,190.85,190.86,21248
167,190.89,190.8902,190.85,190.88,10362
168,190.96,190.965,190.89,190.89,25976
169,191,191,190.96,190.97,12719
170,191.02,191.069,191,191,54610
171,191.0784,191.079,191.03,191.03,12705
172,191.1644,191.17,191.08,191.08,50879
173,191.18,191.2,191.111,191.17,46596
174,191.27,191.27,191.18,191.18,47703
175,191.32,191.32,191.25,191.27,37376
176,191.37,191.38,191.3101,191.32,26899
177,191.39,191.42,191.36,191.37,27302
178,191.31,191.397,191.31,191.39,33190
179,191.19,191.32,191.17,191.315,56490
180,191.22,191.28,191.18,191.1856,27624
181,191.23,191.255,191.2,191.2232,13245
182,191.195,191.231,191.17,191.23,18703
183,191.2145,191.24,191.19,191.2,15066
184,191.18,191.22,191.15,191.21,15457
185,191.2252,191.24,191.18,191.18,14843
186,191.22,191.3,191.22,191.22,17538
187,191.1501,191.22,191.15,191.22,9828
188,191.12,191.1852,191.12,191.155,10949
189,191.17,191.1816,191.094,191.11,24141
190,191.17,191.17,191.11,191.17,12336
191,191.18,191.185,191.15,191.18,21207
192,191.17,191.195,191.14,191.18,13399
193,191.195,191.23,191.18,191.1801,10225
194,191.23,191.24,191.2,191.2,11330
195,191.25,191.26,191.22,191.225,14935
196,191.2501,191.266,191.23,191.25,8139
197,191.24,191.25,191.19,191.25,6052
198,191.19,191.25,191.18,191.25,9703
199,191.22,191.22,191.18,191.19,7260
200,191.144,191.22,191.1316,191.22,13790
201,191.1154,191.15,191.075,191.14,17426
202,191.04,191.11,191.03,191.11,36008
203,191.02,191.07,190.98,191.05,23872
204,191.08,191.08,191.005,191.02,16565
205,191.1048,191.113,191.07,191.08,13679
206,191.14,191.15,191.11,191.11,6133
207,191.128,191.1564,191.12,191.14,10133
208,191.0956,191.12,191.07,191.12,17090
209,191.1188,191.12,191.07,191.1,13702
210,191.1,191.1201,191.1,191.11,5651
211,191.17,191.17,191.11,191.11,11906
212,191.18,191.2,191.17,191.185,9730
213,191.17,191.19,191.17,191.18,8188
214,191.16,191.1938,191.16,191.175,6295
215,191.18,191.199,191.16,191.16,4976
216,191.13,191.19,191.11,191.176,17039
217,191.17,191.17,191.13,191.13,11710
218,191.2164,191.22,191.17,191.17,13795
219,191.17,191.238,191.17,191.21,16803
220,191.176,191.2,191.176,191.18,10878
221,191.18,191.189,191.16,191.18,13784
222,191.19,191.1964,191.18,191.18,7535
223,191.21,191.21,191.19,191.195,10877
224,191.18,191.2182,191.17,191.21,10876
225,191.12,191.175,191.12,191.1744,19830
226,191.14,191.143,191.11,191.13,10043
227,191.06,191.15,191.06,191.135,32338
228,191.13,191.13,191.08,191.08,7948
229,191.11,191.15,191.11,191.12,23957
230,191.125,191.13,191.11,191.11,8656
231,191.09,191.13,191.06,191.125,23359
232,191.07,191.1,191.04,191.07,23868
233,191.04,191.1,191.04,191.08,8437
234,191.03,191.0508,191.01,191.0468,16269
235,190.99,191.04,190.99,191.04,16079
236,191.01,191.02,190.98,191,12563
237,191.0488,191.06,191.01,191.01,15032
238,191.0699,191.07,191.05,191.0504,12683
239,191.12,191.12,191.07,191.07,20214
240,191.16,191.17,191.121,191.13,28988
241,191.155,191.1659,191.14,191.16,8220
242,191.11,191.17,191.11,191.1544,9940
243,191.1,191.111,191.09,191.1101,5760
244,191.14,191.14,191.09,191.1,10205
245,191.165,191.17,191.13,191.14,13819
246,191.2,191.2,191.14,191.16,36110
247,191.2056,191.2056,191.17,191.1953,25548
248,191.1835,191.25,191.18,191.2,46182
249,191.2132,191.22,191.19,191.19,11663
250,191.25,191.25,191.22,191.2227,7191
251,191.23,191.26,191.22,191.25,23943
252,191.275,191.28,191.2147,191.2353,28434
253,191.33,191.33,191.28,191.28,19080
254,191.31,191.35,191.3,191.33,15242
255,191.31,191.31,191.28,191.31,6308
256,191.31,191.3447,191.31,191.32,5624
257,191.33,191.33,191.29,191.32,25717
258,191.345,191.345,191.33,191.3368,9561
259,191.37,191.37,191.345,191.345,13887
260,191.39,191.4,191.37,191.3753,16954
261,191.42,191.4337,191.396,191.4,22434
262,191.4501,191.46,191.42,191.42,28978
263,191.4856,191.49,191.46,191.46,36799
264,191.47,191.5,191.4653,191.4801,25281
265,191.51,191.52,191.4753,191.48,41827
266,191.4654,191.51,191.45,191.51,28396
267,191.44,191.47,191.43,191.464,15326
268,191.4401,191.47,191.4,191.4401,19688
269,191.44,191.45,191.4,191.44,9836
270,191.42,191.4424,191.4146,191.44,7828
271,191.4,191.43,191.4,191.43,6519
272,191.3746,191.41,191.3696,191.41,14896
273,191.39,191.39,191.37,191.37,5478
274,191.39,191.3999,191.36,191.3901,10660
275,191.47,191.5,191.3847,191.3901,50850
276,191.44,191.47,191.43,191.47,12033
277,191.47,191.475,191.42,191.4348,22274
278,191.53,191.53,191.47,191.48,17923
279,191.568,191.5999,191.53,191.53,31184
280,191.592,191.61,191.56,191.56,41028
281,191.6,191.68,191.6,191.6,47079
282,191.6198,191.65,191.6,191.6052,74690
283,191.59,191.64,191.57,191.6199,58854
284,191.63,191.6399,191.6,191.6,10814
285,191.6501,191.66,191.63,191.64,18558
286,191.695,191.695,191.66,191.66,26164
287,191.74,191.74,191.69,191.69,31602
288,191.71,191.73,191.69,191.72,21463
289,191.6931,191.74,191.69,191.71,19170
290,191.64,191.696,191.63,191.6947,26570
291,191.61,191.66,191.61,191.65,11304
292,191.51,191.6001,191.47,191.6,34867
293,191.63,191.64,191.5199,191.52,33676
294,191.645,191.66,191.63,191.637,19859
295,191.7,191.7,191.6176,191.64,19211
296,191.59,191.69,191.5799,191.69,18289
297,191.62,191.6353,191.58,191.59,9374
298,191.59,191.62,191.568,191.62,10499
299,191.57,191.62,191.57,191.59,9264
300,191.5642,191.59,191.56,191.57,7336
301,191.57,191.59,191.54,191.56,10600
302,191.5384,191.56,191.52,191.56,8449
303,191.55,191.56,191.53,191.53,6957
304,191.56,191.5603,191.521,191.55,9231
305,191.56,191.58,191.54,191.56,10459
306,191.58,191.6,191.53,191.56,23847
307,191.57,191.585,191.565,191.585,6962
308,191.565,191.57,191.52,191.57,8157
309,191.59,191.5951,191.56,191.569,8597
310,191.56,191.595,191.56,191.59,6141
311,191.5099,191.56,191.5033,191.56,6710
312,191.57,191.57,191.51,191.51,3060
313,191.57,191.58,191.5395,191.58,4328
314,191.595,191.6,191.57,191.57,6530
315,191.5999,191.6,191.59,191.6,8647
316,191.59,191.605,191.5732,191.59,12618
317,191.62,191.62,191.56,191.59,26120
318,191.66,191.67,191.62,191.62,11520
319,191.69,191.7,191.66,191.66,13069
320,191.755,191.755,191.68,191.6944,61533
321,191.75,191.7599,191.73,191.75,14595
322,191.7799,191.79,191.73,191.75,25328
323,191.69,191.79,191.685,191.77,39239
324,191.73,191.735,191.67,191.69,9800
325,191.7552,191.78,191.7264,191.73,25763
326,191.74,191.7552,191.73,191.7552,12984
327,191.73,191.745,191.71,191.745,14667
328,191.78,191.79,191.71,191.735,29953
329,191.8,191.8,191.78,191.78,20186
330,191.82,191.83,191.7852,191.8,18992
331,191.8352,191.8352,191.81,191.82,13094
332,191.81,191.84,191.8,191.83,7697
333,191.81,191.83,191.81,191.8136,10044
334,191.827,191.86,191.8,191.81,21639
335,191.863,191.8699,191.83,191.83,10941
336,191.89,191.905,191.86,191.865,25379
337,191.865,191.89,191.85,191.89,14183
338,191.8648,191.8715,191.8513,191.86,6718
339,191.77,191.8633,191.75,191.8633,31707
340,191.7794,191.79,191.77,191.77,1250
341,191.77,191.83,191.73,191.82,22178
342,191.78,191.79,191.76,191.77,11875
343,191.76,191.79,191.74,191.7844,9564
344,191.78,191.79,191.7365,191.76,15670
345,191.8352,191.84,191.78,191.78,16141
346,191.84,191.84,191.79,191.84,6284
347,191.79,191.84,191.79,191.84,4630
348,191.8,191.8133,191.7852,191.795,4004
349,191.835,191.835,191.76,191.79,4231
350,191.76,191.8472,191.76,191.8472,17041
351,191.7379,191.77,191.72,191.77,5000
352,191.77,191.79,191.7301,191.7301,6752
353,191.76,191.78,191.74,191.77,6867
354,191.79,191.8139,191.77,191.77,8828

